Greys: 0.042
Turquoises: 0.050666666666666665
Reds: 0.038
Yellows: 0.054
Browns: 0.17733333333333334
Whites: 0.018666666666666668
Blues: 0.096
Purples: 0.2693333333333333
Pinks: 0.07933333333333334
Greens: 0.10933333333333334
Oranges: 0.06533333333333333
