Greys: 0.03933333333333333
Turquoises: 0.050666666666666665
Reds: 0.044
Yellows: 0.056666666666666664
Browns: 0.17866666666666667
Whites: 0.021333333333333333
Blues: 0.09333333333333334
Purples: 0.2653333333333333
Pinks: 0.08066666666666666
Greens: 0.10866666666666666
Oranges: 0.06133333333333333
